EpLenMean,EpRewMean,EpThisIter,EpisodesSoFar,SuccessInsertion,TimeElapsed,TimestepsSoFar,ev_tdlam_before,loss_ent,loss_kl,loss_pol_entpen,loss_pol_surr,loss_vf_loss
150.0,-633.6982981928879,79,79,0,17.01755118370056,11850,0.004207193851470947,2.8169794,0.003478034,0.0,-0.0009844864,2027.2716
150.0,-621.182780982257,79,158,0,35.63853120803833,23700,0.017543315887451172,2.7856448,0.004978673,0.0,-0.005315335,2179.922
150.0,-601.8959560979039,79,237,0,56.791704416275024,35550,-0.007779955863952637,2.759895,0.00425043,0.0,-0.011211098,1776.8438
150.0,-610.4398167161679,79,316,0,78.2862913608551,47400,-0.025272011756896973,2.7509482,0.0060470775,0.0,-0.016116071,1625.8762
150.0,-631.478926844402,79,395,0,98.7903733253479,59250,-0.07065391540527344,2.721765,0.011318045,0.0,-0.022843927,1423.5698
150.0,-624.7305374144737,79,474,0,119.9852602481842,71100,-0.11954963207244873,2.6953197,0.009760482,0.0,-0.01907134,1259.2058
150.0,-631.002893684826,79,553,0,140.15903091430664,82950,-0.3852759599685669,2.668451,0.0055762506,0.0,-0.012738996,1082.8706
150.0,-634.9247750331944,79,632,0,161.9508557319641,94800,-0.8402413129806519,2.6462643,0.0018845003,0.0,-0.007582335,920.6341
150.0,-634.9501819767163,79,711,0,182.86489248275757,106650,-0.5839418172836304,2.6329954,0.007277173,0.0,-0.012373029,757.9599
150.0,-637.5616472524537,79,790,0,204.26729321479797,118500,-1.242619276046753,2.6204305,0.007884041,0.0,-0.010349182,621.9722
150.0,-638.6451171590295,79,869,0,226.19392037391663,130350,-2.631096363067627,2.5794601,0.002784862,0.0,-0.0024399168,498.9041
150.0,-639.0976236717519,79,948,0,248.88909101486206,142200,-1.196173906326294,2.5700688,0.007224852,0.0,-0.0074947635,387.64795
150.0,-642.6500905937721,79,1027,0,271.1157121658325,154050,-4.037038326263428,2.553161,0.002062752,0.0,-0.006154374,294.8854
150.0,-642.1506838645699,79,1106,0,292.3416588306427,165900,-6.112781524658203,2.5308526,0.004076049,0.0,-0.009586608,214.0939
150.0,-644.0435943493594,79,1185,0,315.301123380661,177750,-3.0888261795043945,2.5272298,0.014476533,0.0,-0.010738837,145.83601
150.0,-645.857211165367,79,1264,0,342.7050938606262,189600,-0.40584611892700195,2.5141923,0.015975155,0.0,-0.022711096,95.02949
150.0,-647.5748514720623,79,1343,0,370.42744994163513,201450,0.36260950565338135,2.5073466,0.011261264,0.0,-0.020295635,57.269333
150.0,-648.1390040507529,79,1422,0,399.0666255950928,213300,0.3208312392234802,2.4987495,0.007915077,0.0,-0.017043188,29.045013
150.0,-647.9189598479758,79,1501,0,427.77572441101074,225150,0.8023182898759842,2.4008482,0.022638137,0.0,-0.030410662,22.312004
150.0,-648.4076542284174,79,1580,0,456.0000069141388,237000,0.8184882253408432,2.3810968,0.01047704,0.0,-0.025770145,9.275276
150.0,-648.8127562066991,79,1659,0,483.7712244987488,248850,-22.11815643310547,2.3667316,0.009771428,0.0,-0.019999243,1.0880958
150.0,-559.5484722684107,79,1738,0,512.0014803409576,260700,0.883529394865036,2.3360877,0.019405875,0.0,-0.043815255,15.007712
150.0,-648.2198193987196,79,1817,0,539.3685481548309,272550,0.8892591893672943,2.288156,0.01447097,0.0,-0.010232821,6.785881
150.0,-647.5911301730031,79,1896,0,567.116281747818,284400,-21.903133392333984,2.267973,0.009299859,0.0,-0.019274564,0.4875505
150.0,-647.3692842670297,79,1975,0,594.8582389354706,296250,0.9114313870668411,2.24002,0.0052809822,0.0,-0.022923654,15.7270155
150.0,-632.8134438723921,79,2054,0,622.2924807071686,308100,0.9183560311794281,2.1988502,0.006312288,0.0,-0.022610469,39.318867
150.0,-630.7863232189687,79,2133,0,649.727890253067,319950,0.9332648813724518,2.1482148,0.010136157,0.0,-0.030092476,55.67807
150.0,-612.6169196402554,79,2212,0,677.668844461441,331800,0.9448426924645901,2.1134667,0.0057794596,0.0,-0.036668524,52.609215
150.0,-643.0101478965018,79,2291,0,705.210277557373,343650,0.9027970656752586,2.102976,0.015055783,0.0,-0.03823686,19.094952
150.0,-609.2387584916555,79,2370,0,734.3487358093262,355500,0.9318712204694748,2.0867639,0.00964573,0.0,-0.021308253,26.223051
150.0,-612.7018426065995,79,2449,0,761.9403638839722,367350,0.9396179616451263,2.0555139,0.006679146,0.0,-0.028264964,52.489815
150.0,-560.4723067859045,79,2528,0,788.9976563453674,379200,0.874153733253479,2.0613194,0.023921808,0.0,-0.033508174,30.87283
150.0,-535.4906604059037,79,2607,0,814.9960193634033,391050,0.8974769115447998,2.0478518,0.008449295,0.0,-0.022346912,160.91548
150.0,-583.0529029355323,79,2686,0,844.2830214500427,402900,0.5072526037693024,2.0336914,0.011868829,0.0,-0.048635412,406.7302
150.0,-505.8688941812722,79,2765,0,871.9918117523193,414750,0.6930562257766724,2.017252,0.011069544,0.0,-0.04443274,148.14856
150.0,-530.1496734933041,79,2844,0,900.860431432724,426600,0.7355527877807617,2.0078528,0.013623451,0.0,-0.044576094,52.88112
150.0,-495.8566233655077,79,2923,0,930.1655013561249,438450,0.8236531615257263,1.9902365,0.00962206,0.0,-0.046611555,28.367668
150.0,-537.3219146175468,79,3002,0,957.1300277709961,450300,0.4084510803222656,1.9990923,0.008325054,0.0,-0.012006504,58.37831
150.0,-596.9359274934053,79,3081,0,984.7188680171967,462150,0.29787105321884155,2.010531,0.01344546,0.0,-0.024882063,110.31051
150.0,-641.81326919477,79,3160,0,1013.4177324771881,474000,0.3031386733055115,2.0469978,0.013309635,0.0,-0.01716895,176.75395
150.0,-633.2943142299986,79,3239,0,1039.7993841171265,485850,0.3261874318122864,2.0175192,0.014595993,0.0,-0.025403334,361.2586
150.0,-557.1942621296943,79,3318,0,1068.3249847888947,497700,0.49515944719314575,2.0040808,0.010504601,0.0,-0.022954278,244.34238
150.0,-830.6807978340064,79,3397,0,1095.2691884040833,509550,0.6817481219768524,2.0015955,0.011389105,0.0,-0.037191227,369.9214
150.0,-626.8597235956146,79,3476,0,1123.8700323104858,521400,0.4407058358192444,1.9849827,0.0122956475,0.0,-0.045925085,70.29304
150.0,-741.6355209650063,79,3555,0,1151.863879442215,533250,0.753335252404213,1.9545311,0.010725615,0.0,-0.028585242,118.69014
150.0,-528.3415236273552,79,3634,0,1179.3080563545227,545100,0.8570879399776459,1.9325844,0.013318685,0.0,-0.026639618,54.780792
150.0,-668.102185164241,79,3713,0,1207.3787586688995,556950,0.8956570774316788,1.9059646,0.012032824,0.0,-0.030895483,133.816
150.0,-537.5358036212003,79,3792,0,1235.5278866291046,568800,0.9103868529200554,1.8841026,0.013297745,0.0,-0.036889337,60.971596
150.0,-544.2169255521178,80,3872,1,1263.4456629753113,580650,0.9046718180179596,1.8448769,0.012942728,0.0,-0.03167246,55.773964
150.0,-660.5715500091275,81,3953,2,1291.5790393352509,592500,0.9192711412906647,1.8366691,0.01516849,0.0,-0.02819254,123.868454
150.0,-484.18814267830976,79,4032,0,1320.0704016685486,604350,0.936811164021492,1.7993804,0.026211606,0.0,-0.02728234,49.843906
120.0,-402.2026798564028,80,4112,2,1344.792492866516,616200,0.9297664761543274,1.7882668,0.014110936,0.0,-0.019434119,101.24926
150.0,-548.1760399249722,79,4191,0,1373.8374564647675,628050,0.5339458584785461,1.7481056,0.011400989,0.0,-0.011810859,132.99118
150.0,-586.2142229333773,80,4271,1,1399.7725517749786,639900,0.903496079146862,1.727903,0.013306346,0.0,-0.01348953,186.71979
150.0,-503.8132895862768,80,4351,1,1426.756178855896,651750,0.9037920981645584,1.6942774,0.0146611575,0.0,-0.015032078,109.390366
150.0,-458.4722842423099,79,4430,1,1453.8166151046753,663600,0.8596454560756683,1.6549588,0.009560716,0.0,-0.016149145,104.59579
150.0,-510.82491281150334,79,4509,0,1481.114001274109,675450,0.927263505756855,1.6075413,0.012188488,0.0,-0.0156210195,83.661194
150.0,-466.36765894205746,79,4588,0,1508.9685142040253,687300,0.9418188706040382,1.5641512,0.011681657,0.0,-0.016864005,35.14329
150.0,-465.14174391653404,80,4668,1,1537.134687423706,699150,0.9106138795614243,1.5374442,0.009625283,0.0,-0.010775394,61.041145
150.0,-417.0628295818941,79,4747,0,1565.4999084472656,711000,0.9457094743847847,1.5171477,0.021446634,0.0,0.009240094,45.97801
150.0,-475.28956654498023,80,4827,1,1594.6745791435242,722850,0.870375394821167,1.5132132,0.006743616,0.0,-0.008382069,84.81146
150.0,-472.72410122039935,79,4906,0,1622.245892047882,734700,0.9247925281524658,1.5069894,0.0076828627,0.0,-0.010350795,60.196117
150.0,-436.0494172149771,79,4985,1,1650.031408071518,746550,0.9354332536458969,1.4994096,0.008436897,0.0,-0.011214378,50.58084
150.0,-461.5540648968287,79,5064,0,1677.8781390190125,758400,0.9402290023863316,1.4781048,0.0106913,0.0,-0.012283339,42.767498
150.0,-472.7435678855657,79,5143,1,1703.5656888484955,770250,0.9416026249527931,1.4603461,0.015321476,0.0,-0.008736935,48.590282
150.0,-430.9050536914585,79,5222,0,1730.381963968277,782100,0.9579333141446114,1.426891,0.009664536,0.0,-0.013193051,15.00099
150.0,-426.1474810165191,81,5303,2,1758.871851682663,793950,0.8315728008747101,1.41295,0.00909436,0.0,-0.0051462906,36.29931
143.2,-369.88748496527546,81,5384,2,1786.7497038841248,805916,0.8948803022503853,1.3808318,0.00991325,0.0,-0.007099805,92.16826
150.0,-407.91761023260204,79,5463,1,1814.836636543274,817766,0.9296222254633904,1.3704718,0.007831802,0.0,-0.008034044,22.687634
150.0,-415.8386995449587,79,5542,1,1842.0812764167786,829616,0.961662583053112,1.3504907,0.009286795,0.0,-0.0064043216,15.700973
149.6,-386.97951066777057,82,5624,5,1871.4443573951721,841614,0.8239677995443344,1.3433077,0.012069882,0.0,-0.004148057,99.74437
127.6,-358.98824040266,85,5709,8,1899.371148109436,853464,0.8465979844331741,1.323291,0.013430883,0.0,-0.0040301657,239.8704
150.0,-384.13478907884826,91,5800,12,1927.426342010498,865314,0.8557705283164978,1.3127432,0.012976193,0.0,-0.0064433124,313.71182
120.0,-313.56277871718925,95,5895,16,1953.724284172058,877164,0.8659665286540985,1.2898103,0.013225552,0.0,-0.002264808,483.88358
120.0,-335.64914039527565,93,5988,16,1983.801932811737,889014,0.8381327092647552,1.2759701,0.004612563,0.0,-0.0056064283,568.423
142.0,-368.5395304308004,98,6086,19,2009.6674993038177,900974,0.8774215504527092,1.2685544,0.008391299,0.0,-7.546203e-07,522.7525
120.0,-311.45644348536223,92,6178,13,2038.0436992645264,912824,0.8743764907121658,1.2282519,0.006563372,0.0,-0.00523039,392.18185
150.0,-379.4946455960448,82,6260,4,2066.224771499634,924674,0.8489968627691269,1.1985134,0.008989799,0.0,-0.010406565,156.80698
150.0,-389.48569338894174,85,6345,6,2094.3585493564606,936524,0.898507721722126,1.1854749,0.00887268,0.0,-0.003856289,134.79692
150.0,-407.40439114260914,83,6428,5,2122.987016439438,948374,0.8754467368125916,1.1639555,0.013412154,0.0,-0.007149287,172.5531
150.0,-397.43598380317525,80,6508,1,2150.648848056793,960224,0.893701434135437,1.1495818,0.0131977955,0.0,-0.010670438,75.06048
90.0,-217.946510297369,90,6598,11,2178.489479780197,972074,0.8355080932378769,1.1274304,0.01106206,0.0,-0.004828932,326.05374
150.0,-407.9525071853456,87,6685,8,2205.6438422203064,983924,0.8510922342538834,1.1033032,0.009913278,0.0,-0.0092028575,252.5476
120.0,-338.6085417375208,89,6774,10,2232.7832691669464,995774,0.8536546528339386,1.0992781,0.0075683882,0.0,-0.0020577472,364.0901
150.0,-408.3534890738772,88,6862,10,2259.712921142578,1007624,0.8578416556119919,1.0770301,0.020825429,0.0,-0.0032116557,366.32822
150.0,-409.35951890098937,84,6946,6,2286.572276353836,1019474,0.8760779649019241,1.0580138,0.007845561,0.0,-0.007080722,208.01253
128.2,-347.89226011970993,89,7035,10,2313.529531955719,1031324,0.8301045745611191,1.0456705,0.0106049,0.0,-0.0015788628,397.76697
150.0,-409.4568110357407,89,7124,11,2341.890716075897,1043174,0.8638718128204346,1.0465586,0.0110921,0.0,-0.0040648845,346.74854
120.0,-327.9081991623413,88,7212,9,2370.461685657501,1055024,0.8595822155475616,1.030262,0.007997441,0.0,-0.008252276,338.22815
150.0,-413.8682841491126,85,7297,6,2397.8203768730164,1066874,0.8818106427788734,1.0138394,0.01064724,0.0,-0.0033618507,211.54997
150.0,-414.00540619064986,83,7380,4,2426.165602684021,1078724,0.8959804847836494,1.0137837,0.006139593,0.0,-0.008632986,145.97845
114.2,-280.5589523974689,82,7462,4,2453.6879506111145,1090689,0.9070675745606422,0.9948465,0.012306415,0.0,-0.006693975,121.49246
150.0,-390.7673300982815,82,7544,3,2480.020691871643,1102539,0.9255180060863495,0.9857341,0.010163408,0.0,0.013092788,83.04851
150.0,-408.6672079133102,80,7624,1,2507.5896315574646,1114389,0.9363627508282661,0.9743639,0.008560528,0.0,-0.007988052,48.813183
120.0,-310.87638389108275,87,7711,8,2534.2318370342255,1126239,0.885596975684166,0.9729876,0.012258495,0.0,-0.004498427,240.28268
150.0,-414.86570957458605,91,7802,13,2561.769042491913,1138089,0.8591371029615402,0.97134805,0.0066092233,0.0,-0.0068186917,430.84784
150.0,-441.8314969732866,86,7888,7,2590.486503601074,1149939,0.8362945467233658,0.97332895,0.010775741,0.0,-0.012535034,288.7357
120.0,-332.69930944085223,88,7976,11,2612.8394622802734,1161789,0.8153433799743652,0.9564711,0.007392414,0.0,-0.0051311227,400.1156
150.0,-436.01700442466154,88,8064,11,2633.371584415436,1173639,0.8334782421588898,0.95155305,0.008511579,0.0,-0.0020445965,349.3996
90.6,-215.1241714386838,92,8156,14,2655.1330580711365,1185489,0.8361432701349258,0.9384102,0.01886367,0.0,-0.002805313,422.34668
120.0,-337.9487621137066,92,8248,13,2676.2168250083923,1197339,0.846326157450676,0.92988455,0.0118608195,0.0,-0.004697618,447.37134
120.0,-304.3492148679064,88,8336,9,2697.7109735012054,1209189,0.8552193343639374,0.9097447,0.009977942,0.0,-0.00980769,356.3798
150.0,-398.68162472919374,84,8420,6,2719.5213255882263,1221039,0.8722721189260483,0.8856502,0.011799062,0.0,-0.003950384,201.67953
150.0,-421.92883974739925,81,8501,4,2739.756416320801,1232889,0.8627847284078598,0.87804204,0.011203539,0.0,-0.0104165645,123.83355
150.0,-410.92335505791823,80,8581,1,2761.78036570549,1244739,0.9171019718050957,0.8589321,0.01128026,0.0,-0.014059868,48.361923
150.0,-414.5323090488731,79,8660,0,2783.3991224765778,1256589,0.9595948457717896,0.8492799,0.0116306115,0.0,-0.014091962,8.261604
150.0,-418.1937205640005,79,8739,0,2804.63964176178,1268439,0.9783436600118876,0.830652,0.01954327,0.0,-0.009668137,3.0962365
150.0,-417.40958983804256,79,8818,0,2825.586224079132,1280289,0.9803474862128496,0.8296676,0.0149659,0.0,-0.010247038,3.7025878
150.0,-415.1600763892878,79,8897,0,2846.4896986484528,1292139,0.9721117541193962,0.8287263,0.0113448715,0.0,-0.008158652,6.8821893
150.0,-413.71227906847207,79,8976,0,2862.70175242424,1303989,0.9690882693976164,0.8220982,0.010878079,0.0,-0.008342417,9.217146
